0.00264
0.000007 1e-05 1.7500000000000002e-05 2.5e-05 3.2500000000000004e-05 4e-05 4.75e-05 5.5e-05 6.25e-05 7.000000000000001e-05 7.75e-05 8.5e-05 9.25e-05 0.0001 0.0001075 0.000115 0.0003
0.0 0.0 0.0 0.0 0.03 0.09 0.24 0.48 0.7 0.87 0.92 0.94 0.97 1.0 1.0 1.0 1.0
0.0027
0.00004 0.0001 0.00012 0.00014000000000000001 0.00016 0.00018 0.0002 0.00022000000000000003 0.00024000000000000003 0.00026000000000000003 0.00028000000000000003 0.00030000000000000003 0.00032 0.00034 0.00036 0.00038 0.0009
0.0 0.0 0.0 0.0 0.01 0.06 0.17 0.41 0.50 0.59 0.8 0.84 0.93 0.98 1.0 1.0 1.0
0.003
0.0002 0.0003 0.00039999999999999996 0.0005 0.0006000000000000001 0.0007 0.0007999999999999999 0.0009 0.001 0.0011 0.0012000000000000001 0.0013 0.0014 0.0015 0.0016 0.0017 0.003
0.0 0.0 0.0 0.01 0.1 0.22 0.42 0.73 0.88 0.98 0.99 1.0 1.0 1.0 1.0 1.0 1.0
0.004
0.0006 0.001 0.00125 0.0015 0.00175 0.002 0.0022500000000000003 0.0025 0.00275 0.003 0.0032500000000000003 0.0035 0.00375 0.004 0.00425 0.0045000000000000005 0.007
0.0 0.0 0.0 0.04 0.11 0.39 0.54 0.71 0.93 0.96 0.97 0.99 1.0 1.0 1.0 1.0 1.0